2012  1  1     0.0    -0.7    -0.7 1 
2012  1  2     4.6     3.9     3.9 1
2012  1  3     3.3     2.6     2.6 1
2012  1  4     3.4     2.7     2.7 1
2012  1  5    -0.3    -1.0    -1.0 1
2012  1  6    -2.4    -3.1    -3.1 1
2012  1  7    -3.7    -4.4    -4.4 1
2012  1  8    -2.8    -3.5    -3.5 1
2012  1  9    -6.1    -6.8    -6.8 1
2012  1 10    -2.1    -2.8    -2.8 1
2012  1 11     2.4     1.6     1.6 1
2012  1 12     2.4     1.6     1.6 1
2012  1 13    -0.9    -1.7    -1.7 1
2012  1 14    -1.2    -2.0    -2.0 1
2012  1 15    -2.2    -3.0    -3.0 1
2012  1 16    -0.2    -1.0    -1.0 1
2012  1 17     1.2     0.4     0.4 1
2012  1 18     0.7    -0.1    -0.1 1
2012  1 19     1.3     0.5     0.5 1
2012  1 20    -3.2    -4.0    -4.0 1
2012  1 21    -2.8    -3.6    -3.6 1
2012  1 22     0.4    -0.4    -0.4 1
2012  1 23    -2.2    -3.0    -3.0 1
2012  1 24    -2.8    -3.6    -3.6 1
2012  1 25    -3.7    -4.5    -4.5 1
2012  1 26    -1.2    -2.0    -2.0 1
2012  1 27    -1.5    -2.3    -2.3 1
2012  1 28    -1.7    -2.5    -2.5 1
2012  1 29    -1.9    -2.7    -2.7 1
2012  1 30    -3.1    -3.9    -3.9 1
2012  1 31    -3.4    -4.2    -4.2 1
2012  2  1    -5.7    -6.5    -6.5 1
2012  2  2   -11.1   -11.9   -11.9 1
2012  2  3   -12.1   -12.9   -12.9 1
2012  2  4   -12.7   -13.5   -13.5 1
2012  2  5   -10.7   -11.5   -11.5 1
2012  2  6    -7.7    -8.5    -8.5 1
2012  2  7    -5.4    -6.2    -6.2 1
2012  2  8    -5.9    -6.7    -6.7 1
2012  2  9    -7.6    -8.4    -8.4 1
2012  2 10    -9.5   -10.3   -10.3 1
2012  2 11    -4.0    -4.8    -4.8 1
2012  2 12    -1.2    -2.0    -2.0 1
2012  2 13    -3.5    -4.3    -4.3 1
2012  2 14    -0.7    -1.5    -1.5 1
2012  2 15    -2.1    -2.9    -2.9 1
2012  2 16    -4.6    -5.5    -5.5 1
2012  2 17    -0.7    -1.6    -1.6 1
2012  2 18    -0.7    -1.6    -1.6 1
2012  2 19     1.8     0.9     0.9 1
2012  2 20    -0.8    -1.7    -1.7 1
2012  2 21     2.8     1.9     1.9 1
2012  2 22     2.6     1.7     1.7 1
2012  2 23     3.6     2.7     2.7 1
2012  2 24     4.5     3.6     3.6 1
2012  2 25     1.8     0.9     0.9 1
2012  2 26    -1.3    -2.2    -2.2 1
2012  2 27    -1.4    -2.3    -2.3 1
2012  2 28     3.9     3.0     3.0 1
2012  2 29     6.2     5.3     5.3 1
2012  3  1     4.8     3.9     3.9 1
2012  3  2     4.4     3.5     3.5 1
2012  3  3     1.1     0.2     0.2 1
2012  3  4    -1.5    -2.4    -2.4 1
2012  3  5    -2.1    -3.0    -3.0 1
2012  3  6    -2.1    -3.0    -3.0 1
2012  3  7    -0.8    -1.7    -1.7 1
2012  3  8     0.1    -0.8    -0.8 1
2012  3  9     3.1     2.2     2.2 1
2012  3 10     5.4     4.5     4.5 1
2012  3 11     4.2     3.3     3.3 1
2012  3 12     8.1     7.2     7.2 1
2012  3 13     7.4     6.4     6.4 1
2012  3 14     2.2     1.2     1.2 1
2012  3 15     4.5     3.5     3.5 1
2012  3 16     4.5     3.5     3.5 1
2012  3 17     4.4     3.5     3.5 1
2012  3 18     6.3     5.4     5.4 1
2012  3 19     1.7     0.8     0.8 1
2012  3 20     3.0     2.1     2.1 1
2012  3 21     9.3     8.4     8.4 1
2012  3 22    10.2     9.3     9.3 1
2012  3 23     8.1     7.2     7.2 1
2012  3 24     8.2     7.3     7.3 1
2012  3 25     6.5     5.6     5.6 1
2012  3 26     8.1     7.2     7.2 1
2012  3 27    10.7     9.8     9.8 1
2012  3 28     8.9     8.0     8.0 1
2012  3 29     5.1     4.2     4.2 1
2012  3 30     2.7     1.8     1.8 1
2012  3 31    -0.1    -1.0    -1.0 1
2012  4  1     0.9     0.0     0.0 1
2012  4  2     0.2    -0.7    -0.7 1
2012  4  3     0.8    -0.1    -0.1 1
2012  4  4     3.0     2.1     2.1 1
2012  4  5     4.6     3.7     3.7 1
2012  4  6     0.4    -0.4    -0.4 1
2012  4  7     0.3    -0.5    -0.5 1
2012  4  8     1.6     0.8     0.8 1
2012  4  9     3.4     2.6     2.6 1
2012  4 10     4.0     3.2     3.2 1
2012  4 11     5.8     5.0     5.0 1
2012  4 12     6.9     6.1     6.1 1
2012  4 13     3.5     2.7     2.7 1
2012  4 14     2.1     1.3     1.3 1
2012  4 15     3.8     3.0     3.0 1
2012  4 16     4.7     3.9     3.9 1
2012  4 17     3.2     2.4     2.4 1
2012  4 18     4.2     3.3     3.3 1
2012  4 19     5.3     4.4     4.4 1
2012  4 20     2.5     1.6     1.6 1
2012  4 21     5.2     4.3     4.3 1
2012  4 22     5.2     4.3     4.3 1
2012  4 23     7.5     6.5     6.5 1
2012  4 24     8.6     7.6     7.6 1
2012  4 25     8.1     7.1     7.1 1
2012  4 26     8.5     7.5     7.5 1
2012  4 27    11.6    10.6    10.6 1
2012  4 28    12.1    11.1    11.1 1
2012  4 29     9.8     8.7     8.7 1
2012  4 30     9.8     8.7     8.7 1
2012  5  1     9.5     8.4     8.4 1
2012  5  2    11.9    10.8    10.8 1
2012  5  3     8.9     7.8     7.8 1
2012  5  4     7.3     6.1     6.1 1
2012  5  5     9.2     8.0     8.0 1
2012  5  6     8.8     7.6     7.6 1
2012  5  7     9.6     8.4     8.4 1
2012  5  8     9.7     8.5     8.5 1
2012  5  9    10.5     9.2     9.2 1
2012  5 10    14.0    12.7    12.7 1
2012  5 11    16.2    14.9    14.9 1
2012  5 12     8.4     7.1     7.1 1
2012  5 13     9.7     8.4     8.4 1
2012  5 14    10.6     9.2     9.2 1
2012  5 15    12.4    11.0    11.0 1
2012  5 16    10.8     9.4     9.4 1
2012  5 17    11.7    10.3    10.3 1
2012  5 18    11.7    10.4    10.4 1
2012  5 19    12.9    11.6    11.6 1
2012  5 20    16.1    14.8    14.8 1
2012  5 21    15.6    14.3    14.3 1
2012  5 22    15.4    14.1    14.1 1
2012  5 23    15.6    14.3    14.3 1
2012  5 24    17.4    16.1    16.1 1
2012  5 25    18.6    17.3    17.3 1
2012  5 26    16.1    14.8    14.8 1
2012  5 27    16.4    15.1    15.1 1
2012  5 28    13.0    11.7    11.7 1
2012  5 29    10.0     8.8     8.8 1
2012  5 30    10.1     8.9     8.9 1
2012  5 31    10.4     9.2     9.2 1
2012  6  1     6.3     5.1     5.1 1
2012  6  2     5.3     4.1     4.1 1
2012  6  3     7.9     6.7     6.7 1
2012  6  4    10.8     9.6     9.6 1
2012  6  5    12.3    11.1    11.1 1
2012  6  6    12.4    11.2    11.2 1
2012  6  7    14.4    13.2    13.2 1
2012  6  8    14.3    13.1    13.1 1
2012  6  9    12.0    10.9    10.9 1
2012  6 10    14.0    12.9    12.9 1
2012  6 11    15.0    13.9    13.9 1
2012  6 12    15.2    14.1    14.1 1
2012  6 13    14.8    13.7    13.7 1
2012  6 14    16.0    14.9    14.9 1
2012  6 15    15.1    14.0    14.0 1
2012  6 16    12.9    11.8    11.8 1
2012  6 17    13.6    12.5    12.5 1
2012  6 18    16.0    14.9    14.9 1
2012  6 19    15.8    14.7    14.7 1
2012  6 20    16.1    15.0    15.0 1
2012  6 21    16.3    15.2    15.2 1
2012  6 22    15.2    14.1    14.1 1
2012  6 23    13.3    12.2    12.2 1
2012  6 24    15.5    14.4    14.4 1
2012  6 25    12.2    11.1    11.1 1
2012  6 26    14.0    12.9    12.9 1
2012  6 27    14.0    12.9    12.9 1
2012  6 28    14.9    13.8    13.8 1
2012  6 29    16.8    15.7    15.7 1
2012  6 30    18.2    17.2    17.2 1
2012  7  1    18.7    17.7    17.7 1
2012  7  2    17.3    16.3    16.3 1
2012  7  3    18.7    17.7    17.7 1
2012  7  4    18.4    17.4    17.4 1
2012  7  5    17.4    16.4    16.4 1
2012  7  6    18.2    17.2    17.2 1
2012  7  7    20.7    19.7    19.7 1
2012  7  8    18.9    17.9    17.9 1
2012  7  9    20.3    19.3    19.3 1
2012  7 10    18.2    17.2    17.2 1
2012  7 11    17.5    16.5    16.5 1
2012  7 12    17.9    16.9    16.9 1
2012  7 13    15.9    14.9    14.9 1
2012  7 14    16.2    15.2    15.2 1
2012  7 15    16.0    15.0    15.0 1
2012  7 16    17.1    16.1    16.1 1
2012  7 17    15.0    14.0    14.0 1
2012  7 18    15.6    14.6    14.6 1
2012  7 19    15.9    14.9    14.9 1
2012  7 20    16.5    15.5    15.5 1
2012  7 21    14.6    13.6    13.6 1
2012  7 22    17.3    16.3    16.3 1
2012  7 23    16.9    15.9    15.9 1
2012  7 24    21.2    20.3    20.3 1
2012  7 25    21.5    20.6    20.6 1
2012  7 26    18.8    17.9    17.9 1
2012  7 27    17.3    16.4    16.4 1
2012  7 28    20.1    19.2    19.2 1
2012  7 29    19.5    18.6    18.6 1
2012  7 30    17.9    17.0    17.0 1
2012  7 31    14.8    13.9    13.9 1
2012  8  1    15.8    14.9    14.9 1
2012  8  2    18.3    17.4    17.4 1
2012  8  3    20.0    19.1    19.1 1
2012  8  4    18.6    17.7    17.7 1
2012  8  5    18.5    17.6    17.6 1
2012  8  6    18.6    17.8    17.8 1
2012  8  7    17.6    16.8    16.8 1
2012  8  8    16.0    15.2    15.2 1
2012  8  9    15.4    14.6    14.6 1
2012  8 10    15.5    14.7    14.7 1
2012  8 11    16.1    15.3    15.3 1
2012  8 12    16.6    15.8    15.8 1
2012  8 13    17.2    16.4    16.4 1
2012  8 14    16.4    15.6    15.6 1
2012  8 15    18.0    17.2    17.2 1
2012  8 16    18.5    17.7    17.7 1
2012  8 17    20.0    19.3    19.3 1
2012  8 18    18.1    17.4    17.4 1
2012  8 19    19.1    18.4    18.4 1
2012  8 20    17.0    16.3    16.3 1
2012  8 21    16.7    16.0    16.0 1
2012  8 22    16.6    15.9    15.9 1
2012  8 23    15.4    14.7    14.7 1
2012  8 24    15.3    14.7    14.7 1
2012  8 25    16.3    15.7    15.7 1
2012  8 26    15.6    15.0    15.0 1
2012  8 27    12.0    11.4    11.4 1
2012  8 28    12.1    11.5    11.5 1
2012  8 29    16.5    15.9    15.9 1
2012  8 30    17.5    17.0    17.0 1
2012  8 31    14.9    14.4    14.4 1
2012  9  1    14.6    14.1    14.1 1
2012  9  2    14.9    14.4    14.4 1
2012  9  3    17.1    16.6    16.6 1
2012  9  4    15.7    15.2    15.2 1
2012  9  5    14.9    14.4    14.4 1
2012  9  6    11.6    11.2    11.2 1
2012  9  7    12.2    11.8    11.8 1
2012  9  8    12.1    11.7    11.7 1
2012  9  9    10.3     9.9     9.9 1
2012  9 10    15.7    15.3    15.3 1
2012  9 11    18.0    17.6    17.6 1
2012  9 12    13.2    12.9    12.9 1
2012  9 13    12.1    11.8    11.8 1
2012  9 14    10.9    10.6    10.6 1
2012  9 15    13.1    12.8    12.8 1
2012  9 16    13.3    13.0    13.0 1
2012  9 17    14.4    14.1    14.1 1
2012  9 18    11.6    11.3    11.3 1
2012  9 19    11.7    11.4    11.4 1
2012  9 20     9.9     9.6     9.6 1
2012  9 21     8.6     8.3     8.3 1
2012  9 22     9.6     9.3     9.3 1
2012  9 23    10.2     9.9     9.9 1
2012  9 24     8.3     8.0     8.0 1
2012  9 25     9.1     8.8     8.8 1
2012  9 26    11.4    11.1    11.1 1
2012  9 27    12.1    11.8    11.8 1
2012  9 28    11.0    10.7    10.7 1
2012  9 29    10.1     9.8     9.8 1
2012  9 30     9.6     9.3     9.3 1
2012 10  1    11.3    11.0    11.0 1
2012 10  2    11.8    11.5    11.5 1
2012 10  3    11.3    11.0    11.0 1
2012 10  4    10.3    10.0    10.0 1
2012 10  5     8.8     8.5     8.5 1
2012 10  6     8.4     8.1     8.1 1
2012 10  7     9.5     9.2     9.2 1
2012 10  8     8.5     8.2     8.2 1
2012 10  9     7.1     6.8     6.8 1
2012 10 10     5.2     5.0     5.0 1
2012 10 11     6.2     6.0     6.0 1
2012 10 12     4.4     4.2     4.2 1
2012 10 13     4.8     4.6     4.6 1
2012 10 14     6.6     6.4     6.4 1
2012 10 15     8.1     7.9     7.9 1
2012 10 16     7.6     7.4     7.4 1
2012 10 17     9.7     9.4     9.4 1
2012 10 18    10.0     9.7     9.7 1
2012 10 19    12.0    11.7    11.7 1
2012 10 20     9.0     8.7     8.7 1
2012 10 21     8.8     8.5     8.5 1
2012 10 22     5.6     5.3     5.3 1
2012 10 23     5.2     4.9     4.9 1
2012 10 24     5.5     5.2     5.2 1
2012 10 25     2.1     1.8     1.8 1
2012 10 26     1.1     0.8     0.8 1
2012 10 27     1.6     1.3     1.3 1
2012 10 28     0.1    -0.2    -0.2 1
2012 10 29     3.0     2.7     2.7 1
2012 10 30     4.4     4.0     4.0 1
2012 10 31     2.9     2.5     2.5 1
2012 11  1     7.0     6.6     6.6 1
2012 11  2     7.6     7.2     7.2 1
2012 11  3     6.3     5.9     5.9 1
2012 11  4     5.0     4.6     4.6 1
2012 11  5     4.3     3.9     3.9 1
2012 11  6     1.5     1.1     1.1 1
2012 11  7     2.9     2.5     2.5 1
2012 11  8     2.1     1.7     1.7 1
2012 11  9     0.2    -0.2    -0.2 1
2012 11 10     6.7     6.3     6.3 1
2012 11 11     7.8     7.4     7.4 1
2012 11 12     5.6     5.2     5.2 1
2012 11 13     3.0     2.5     2.5 1
2012 11 14     8.8     8.3     8.3 1
2012 11 15     7.0     6.5     6.5 1
2012 11 16     6.2     5.7     5.7 1
2012 11 17     6.7     6.2     6.2 1
2012 11 18     5.4     4.9     4.9 1
2012 11 19     4.4     3.9     3.9 1
2012 11 20     6.1     5.6     5.6 1
2012 11 21     6.4     5.9     5.9 1
2012 11 22     6.1     5.6     5.6 1
2012 11 23     6.6     6.1     6.1 1
2012 11 24     5.5     5.0     5.0 1
2012 11 25     2.9     2.4     2.4 1
2012 11 26     4.0     3.5     3.5 1
2012 11 27     2.9     2.4     2.4 1
2012 11 28     1.4     0.9     0.9 1
2012 11 29    -0.9    -1.4    -1.4 1
2012 11 30    -2.6    -3.1    -3.1 1
2012 12  1    -5.1    -5.6    -5.6 1
2012 12  2    -9.1    -9.6    -9.6 1
2012 12  3   -12.2   -12.7   -12.7 1
2012 12  4    -7.4    -7.9    -7.9 1
2012 12  5    -3.6    -4.2    -4.2 1
2012 12  6    -1.4    -2.0    -2.0 1
2012 12  7    -4.6    -5.2    -5.2 1
2012 12  8    -5.2    -5.8    -5.8 1
2012 12  9    -6.8    -7.4    -7.4 1
2012 12 10    -3.2    -3.8    -3.8 1
2012 12 11    -3.2    -3.8    -3.8 1
2012 12 12    -5.0    -5.6    -5.6 1
2012 12 13    -7.2    -7.8    -7.8 1
2012 12 14    -5.1    -5.7    -5.7 1
2012 12 15    -0.3    -0.9    -0.9 1
2012 12 16     0.5    -0.1    -0.1 1
2012 12 17     0.1    -0.5    -0.5 1
2012 12 18    -1.3    -1.9    -1.9 1
2012 12 19    -1.7    -2.3    -2.3 1
2012 12 20    -2.3    -2.9    -2.9 1
2012 12 21    -3.4    -4.0    -4.0 1
2012 12 22    -3.3    -3.9    -3.9 1
2012 12 23    -2.8    -3.4    -3.4 1
2012 12 24    -2.7    -3.3    -3.3 1
2012 12 25    -2.3    -3.0    -3.0 1
2012 12 26     0.5    -0.2    -0.2 1
2012 12 27     0.5    -0.2    -0.2 1
2012 12 28    -3.5    -4.2    -4.2 1
2012 12 29     0.9     0.2     0.2 1
2012 12 30     3.3     2.6     2.6 1
2012 12 31     2.9     2.2     2.2 1